1.799441878354835126e+03
2.450922323201910302e+01
1.700161873789721994e+03
1.798907455783793921e+03
1.701871232756254813e+03
1.798800314505168444e+03
1.798930930385917918e+03
1.700085546868522442e+03
1.696482260501789824e+03
2.541212743369348814e+01
1.799716838690932946e+03
1.698390227331766027e+03
1.800263677654388630e+03
1.795987540540945020e+03
1.796453184444530280e+03
1.798756086301063988e+03
1.698063743876684839e+03
1.698611804275735949e+03
1.799257444627751966e+03
1.799068341534388992e+03
1.698403515566482838e+03
1.699479183502786782e+03
1.800049735182865334e+03
1.699526631032500291e+03
1.795835345236410831e+03
1.696032177474378386e+03
1.698303595848333998e+03
1.798780351870201912e+03
1.701176304857919604e+03
2.548161075569443312e+01
1.700589612975852560e+03
1.700162884575553562e+03
1.798951186844949916e+03
1.799295722112240810e+03
1.700264737729560011e+03
1.702088013031192986e+03
1.704750254394070225e+03
1.798782647156350549e+03
1.699045414673202913e+03
1.794648229859246385e+03
1.795268865357689947e+03
1.699362103178872530e+03
1.798907022342101982e+03
1.699989979022306670e+03
1.799916119884466525e+03
1.699968053341374798e+03
1.798801704144090763e+03
1.700530032219639452e+03
2.486746881106058993e+01
1.800214422706523919e+03
1.797813222966187823e+03
1.800883647838501702e+03
1.701301841031864342e+03
1.797960397497814711e+03
1.701927922137427913e+03
1.800447859503284462e+03
1.799025588971695470e+03
1.795405728911138112e+03
1.796982494459173722e+03
1.706623797342097987e+03
1.800210052890201268e+03
1.798697319632953622e+03
1.799276241608572946e+03
1.698644412948603986e+03
1.697348028075270349e+03
1.702045929213343925e+03
1.799029064778680777e+03
1.798055070467659334e+03
1.796933640622249641e+03
1.797997789167185829e+03
1.712164335328142670e+03
1.797847623154484609e+03
1.800953409882193228e+03
1.709927253519522310e+03
1.699606080537558682e+03
1.798667122252886656e+03
2.588655569092905040e+01
1.699417742575012653e+03
1.796392807102558663e+03
1.798361792854935857e+03
2.476819609958904067e+01
1.701787665090052542e+03
1.799009584275012912e+03
1.700000840631373876e+03
1.799046722225696612e+03
1.800113505250007393e+03
1.799942303522774182e+03
1.698497393094482959e+03
1.801049516254470518e+03
1.698998984744254813e+03
1.701024566713214881e+03
1.700608647991352427e+03
1.799861382956313946e+03
1.698833775006962014e+03
1.799239295815330706e+03
1.698711194903844898e+03
2.536655008077749329e+01
1.697901149490076705e+03
1.698166608198034282e+03
1.697637337044136075e+03
1.798517865131764893e+03
1.801527861872500807e+03
1.698483020393247443e+03
1.699043185556804247e+03
1.800013350086744822e+03
1.701167593265255618e+03
1.700012323708809618e+03
1.801050454731211858e+03
1.699832484435637980e+03
1.799675128902346160e+03
1.698026393303610575e+03
1.698287623678334057e+03
1.798554556043938646e+03
1.798791161191489437e+03
1.695803965630566836e+03
1.701948888181361554e+03
1.801731600648846097e+03
1.801351643531238778e+03
1.798561150611067887e+03
2.596663432020078233e+01
1.699057681821509959e+03
1.697989847965853414e+03
1.697600180382528379e+03
1.796349012980418138e+03
2.478257015142446562e+01
1.799276717693725686e+03
1.798832723135131573e+03
1.699576174318485528e+03
1.799559273321418232e+03
1.693836119030282134e+03
1.796548250866481112e+03
1.800465831104255585e+03
1.701446750177341528e+03
1.700046264472592839e+03
1.698960805819911911e+03
1.798767357763017117e+03
2.561118000492686519e+01
1.700343500699977085e+03
1.701606183430247711e+03
1.699779994990902424e+03
1.702459972436369753e+03
1.799078868788624277e+03
1.800626360646820331e+03
1.707606206345126793e+03
1.797743913569471715e+03
1.800436437478242851e+03
1.702043840199900615e+03
1.797840213508930447e+03
2.447166845983919359e+01
1.703469494471156622e+03
